LUPA
QUESTIONNAIRE 2:

Questions:
                   Score
     0  1   2   3   4   5   6   7   8   9   10

id 16)  5  27  28  29  30  31  32  33  34  35   6

id 17)  7  27  28  29  30  31  32  33  34  35   8

id 18)  9  27  28  29  30  31  32  33  34  35   10

id 19)  11 27  28  29  30  31  32  33  34  35   12

id 20)  13 27  28  29  30  31  32  33  34  35   14

id 21)  15 27  28  29  30  31  32  33  34  35   16

id 22)  17 27  28  29  30  31  32  33  34  35   18

id 23)  19 27  28  29  30  31  32  33  34  35   20

id 24)  21 27  28  29  30  31  32  33  34  35   22

id 25)  23 27  28  29  30  31  32  33  34  35   24

id 26)  25 27  28  29  30  31  32  33  34  35   26